=== INPUT ===

xyz file: butadiene.xyz                                                                   
Charge of the molecule: 0

Values of alpha, beta for the Hückel method:
alpha = -11.40000 eV
beta =  -0.80000 eV

Distance matrix:
  0.0000  1.3217  2.4644  3.6726  2.0778  1.0773  1.0753  4.5571  4.0421  2.6898
  1.3217  0.0000  1.4673  2.4644  1.0786  2.0981  2.0949  3.4449  2.7257  2.1728
  2.4644  1.4673  0.0000  1.3217  2.1728  2.7257  3.4449  2.0949  2.0981  1.0786
  3.6726  2.4644  1.3217  0.0000  2.6898  4.0421  4.5571  1.0753  1.0773  2.0778
  2.0778  1.0786  2.1728  2.6898  0.0000  3.0487  2.4159  3.7618  2.5037  3.1010
  1.0773  2.0981  2.7257  4.0421  3.0487  0.0000  1.8338  4.7510  4.6380  2.5037
  1.0753  2.0949  3.4449  4.5571  2.4159  1.8338  0.0000  5.5099  4.7510  3.7618
  4.5571  3.4449  2.0949  1.0753  3.7618  4.7510  5.5099  0.0000  1.8338  2.4159
  4.0421  2.7257  2.0981  1.0773  2.5037  4.6380  4.7510  1.8338  0.0000  3.0487
  2.6898  2.1728  1.0786  2.0778  3.1010  2.5037  3.7618  2.4159  3.0487  0.0000

Topological matrix:
    0.0000    1.0000    0.0000    0.0000
    1.0000    0.0000    1.0000    0.0000
    0.0000    1.0000    0.0000    1.0000
    0.0000    0.0000    1.0000    0.0000

Hückel Hamiltonian matrix
 -11.40000  -0.80000  -0.00000  -0.00000
  -0.80000 -11.40000  -0.80000  -0.00000
  -0.00000  -0.80000 -11.40000  -0.80000
  -0.00000  -0.00000  -0.80000 -11.40000

Tolerance for the Jacobi algorithm:   0.10D-07

=== RESULTS ===

Number of iterations: 6

Eigenvalues:
      -12.69443
      -11.89443
      -10.90557
      -10.10557

Normalised MO coefficient matrix C
        0.37175        0.60150        0.60150        0.37175
        0.60150        0.37175       -0.37175       -0.60150
        0.60150       -0.37175       -0.37175        0.60150
        0.37175       -0.60150        0.60150       -0.37175

--- Mulliken population analysis ---

Number of pi electrons: 4

Hückel energy:   -49.1777 eV

Occupation numbers:
    2.0000    2.0000    0.0000    0.0000

Pi electron population:
    1.0000    1.0000    1.0000    1.0000

Pi-bond order:
    1.0000    0.8944    0.0000   -0.4472
    0.8944    1.0000    0.4472    0.0000
    0.0000    0.4472    1.0000    0.8944
   -0.4472    0.0000    0.8944    1.0000

